0.9632600732600731 0.000000000001
0.9632600732600731 0.00006635576613002458
0.9631135531135531 0.0004057830807266405
0.9628571428571427 0.0010844309941375405
0.9625641025641025 0.001989019257642277
0.9622710622710622 0.002893607521147014
0.962051282051282 0.00391064917024285
0.9619047619047618 0.004701543753462482
0.9617582417582416 0.005605305153837878
0.9616483516483516 0.006621726655586697
0.9615750915750915 0.007525074624397415
0.9615018315018314 0.008654156227519659
0.9615018315018314 0.009782824399077218
0.9615384615384615 0.011024152672008201
0.9616117216117215 0.01215240741200109
0.9616849816849816 0.01305492851768246
0.9617948717948717 0.01407010972473726
0.9619780219780218 0.01519774431738314
0.962124542124542 0.016099851991499846
0.9622710622710622 0.017001959665616545
0.9624542124542124 0.017790993806795156
0.9626739926739926 0.018692688049347185
0.9628937728937728 0.019481515474743465
0.9632234432234431 0.020608323204259996
0.9636630036630036 0.02184737760358528
0.964029304029304 0.02274824498300796
0.9643589743589743 0.023423585443901475
0.9646886446886446 0.023986059087639226
0.9651282051282051 0.024660779401185717
0.9656043956043955 0.025222426181794128
0.9658974358974358 0.025446506089846943
0.9662271062271062 0.02578324609927319
0.9668131868131867 0.026118539098223065
0.9673260073260073 0.02622851189442612
0.9677289377289376 0.026226238020820414
0.968095238095238 0.026111304045841284
0.9683882783882783 0.02588391668527109
0.9686080586080585 0.025769809573421315
0.9689377289377289 0.025429348679913012
0.9691575091575091 0.02520237475090748
0.9694139194139193 0.024862327288963856
0.9698534798534798 0.02406977897948552
0.9701831501831502 0.023390717634509964
0.9705128205128204 0.02259878947237863
0.9708791208791208 0.02146805414299771
0.9711721611721611 0.020337732245181456
0.9713553113553113 0.01943376412902372
0.9716117216117215 0.018077915312678286
0.9717216117216116 0.01717436062808523
0.9718315018315018 0.016270805943492173
0.9719047619047618 0.015480324791837204
0.9719780219780219 0.014238376371559204
0.972051282051282 0.012996427951281218
0.972051282051282 0.01186775977972366
0.972014652014652 0.010739298323948439
0.9719047619047618 0.009159783031114858
0.9717582417582417 0.007693341271219366
0.9716117216117215 0.006678366779946911
0.9714285714285713 0.005550732187301025
0.9712454212454211 0.004648831228966664
0.9709890109890109 0.0035216100678854625
0.9706227106227105 0.0023950090541512634
0.9702564102564102 0.001494141674728569
0.9699633699633698 0.0008185944980527368
0.9697435897435897 0.000368367524123725
0.9696336996336996 0.00014325403715922946
0.9695604395604395 0.000030800651568137216
0.9695604395604395 0.000000000001
