0.9586813186813186 0.000000000001
0.9586813186813186 0.00020506205607785655
0.9585714285714285 0.0007700162892036455
0.9584615384615384 0.0015607041566409394
0.9583882783882783 0.0022383184911401593
0.9582783882783882 0.003029006358577467
0.958131868131868 0.004045634576108605
0.958021978021978 0.00517492289501318
0.9579487179487178 0.006078270863823912
0.9579487179487178 0.006755471766758447
0.9579120879120878 0.007432879385475322
0.9579120879120878 0.008222947105565606
0.9579120879120878 0.00912588164281166
0.9579487179487178 0.010141476281431132
0.958021978021978 0.011608331472891288
0.958058608058608 0.012398192477199255
0.958095238095238 0.013526653932974475
0.9582051282051282 0.014428968322873513
0.9582783882783882 0.015105755794243378
0.9583516483516483 0.015895410082768992
0.9584615384615384 0.01668485765551228
0.9586080586080585 0.017812698963940492
0.9588278388278387 0.01916586047511555
0.9590109890109889 0.020180628250605674
0.9592673992673992 0.021533583045998395
0.9594505494505494 0.022548350821488518
0.9597802197802197 0.024126625819628073
0.96003663003663 0.025140980163553525
0.9602564102564102 0.026042674406105554
0.9605128205128204 0.026944161932875247
0.9608058608058607 0.027845442743862605
0.9610622710622709 0.0287469302706323
0.9614285714285713 0.029647797650054986
0.9617948717948717 0.030774398663789185
0.962087912087912 0.03156281265762079
0.9623809523809523 0.03235122665145239
0.9627106227106226 0.03302656711234589
0.9629670329670329 0.03347658737049256
0.9634065934065933 0.034264174501194816
0.9637362637362636 0.03505238177924408
0.9644688644688644 0.036064048817999156
0.9650549450549449 0.036963675902727824
0.9656043956043955 0.03752490925177156
0.9659706959706958 0.0377485757282597
0.9664835164835164 0.038084282158774255
0.9668864468864468 0.03819487510232432
0.9675457875457875 0.03841688785255377
0.9683516483516483 0.03829947328818661
0.9687545787545787 0.0382971994145809
0.9692673992673992 0.038068571759316674
0.9695970695970695 0.03784097768296414
0.9699633699633698 0.03750031007367351
0.9703663003663003 0.03715943574860053
0.9708058608058607 0.03670548789058947
0.9710989010989011 0.03625236689570775
0.9712820512820513 0.03602559968248455
0.9714652014652014 0.035685965652105606
0.9716117216117215 0.035459405154664746
0.9717948717948717 0.0351197711242858
0.9719780219780219 0.03478013709390684
0.972124542124542 0.03444070977931023
0.9723076923076922 0.033988208931775524
0.9725274725274724 0.03330976773414697
0.9727106227106226 0.03285726688661226
0.9728205128205127 0.03229231265348646
0.9730036630036629 0.031726944988795996
0.9733699633699633 0.030370476025103565
0.9736996336996336 0.02923994741150497
0.9739560439560438 0.02822269904662681
0.9742124542124542 0.02709258386459289
0.9744688644688644 0.02584960186540322
0.9746886446886446 0.024719693399151636
0.9749450549450549 0.023250977765650445
0.9750549450549449 0.02223455626390164
0.9752014652014651 0.020879327594903213
0.9753846153846153 0.0186209576728764
0.9754945054945054 0.016814468451037297
0.9756043956043955 0.013202110154706091
0.9755311355311355 0.011283787694622904
0.9753479853479853 0.008576017661796442
0.9752380952380951 0.006883635551807106
0.9750549450549449 0.0049659332390709285
0.9748717948717948 0.0037254318292692934
0.9745054945054944 0.0016958962782890469
0.9743956043956044 0.0011321823398572767
0.9742857142857142 0.0006813352185812624
0.9742124542124542 0.00023028138152290933
0.974102564102564 0.0000051678945584068825
0.974102564102564 0.000000000001
